received_data <-
structure(list(time = structure(c(1512936349.91765, 1512936350.40144, 
1512936350.90658, 1512936355.99943, 1512936356.19064, 1512936356.19064, 
1512936357.10647, 1512936357.40433, 1512936357.74677, 1512936360.58969, 
1512936362.61311, 1512936363.46951, 1512936363.46951, 1512936364.44473, 
1512936364.49117, 1512936364.56962, 1512936365.93428, 1512936367.83551, 
1512936367.83551, 1512936370.95127, 1512936371.12011, 1512936372.27916, 
1512936372.64241, 1512936373.9333, 1512936374.46985, 1512936375.18839, 
1512936377.8715, 1512936379.47006, 1512936380.25814, 1512936380.32104, 
1512936381.85057, 1512936381.89838, 1512936382.1866, 1512936382.1866, 
1512936383.2167, 1512936383.27175, 1512936383.43998, 1512936383.45517, 
1512936383.72351, 1512936383.72351, 1512936385.29515, 1512936385.65622, 
1512936387.07826, 1512936387.42205, 1512936387.8604, 1512936388.87284, 
1512936389.35907, 1512936391.32507, 1512936391.76064, 1512936391.9792, 
1512936391.99442, 1512936392.7048, 1512936392.96378, 1512936393.47206, 
1512936393.47206, 1512936393.97954, 1512936393.97954, 1512936394.396, 
1512936395.57151, 1512936396.77757, 1512936398.01189, 1512936399.91258, 
1512936400.48434, 1512936401.54499, 1512936402.60441, 1512936405.18151, 
1512936405.18151, 1512936406.2731, 1512936406.47612, 1512936408.67473, 
1512936409.98115, 1512936410.15092, 1512936410.35857, 1512936410.93207, 
1512936411.3317, 1512936412.32207, 1512936414.04889, 1512936414.99577, 
1512936415.5289, 1512936416.10997, 1512936416.6142, 1512936418.28257, 
1512936420.61089, 1512936422.10537, 1512936422.54154, 1512936423.2914, 
1512936423.77186, 1512936423.81845, 1512936424.13211, 1512936424.13211, 
1512936424.81967, 1512936425.54288, 1512936427.14116, 1512936430.40761, 
1512936432.36192, 1512936433.61377, 1512936434.44398, 1512936434.75597, 
1512936437.24446, 1512936437.25969), class = c("POSIXct", "POSIXt"
)), text = c("@americanair I finally got someone on the phone so no worries!", 
"@SouthwestAir Flying South by Southwest from SJC to SNA tiday http://t.co/KJKuVJ6CMo", 
"@united  of course this morning I see a non-stop from IAH to SFO but that was not available yesterday. #UnitedHatesUsAll", 
"@JetBlue For one way, not letting me select TO city....strange...and now some fairs look \"normal\" ????", 
"@united caught earlier flight to ORD. Gate checked bag, and you've lost it at O'Hare. original flight lands in 20minutes. #frustrating!", 
"@SouthwestAir really this is getting worse as the day goes on. Late Flight leaving then had to be diverted, and now sitting on the tarmac in VA.", 
"@united @perfectomobile I have to admit that not only the app is good but have lots of useful func (such the \"live\" seat map). Congrats", 
"@SouthwestAir might be the worst airline ever", "@AmericanAir can you please connect these two reservations together and also add a child in a lap. KEVOLT and SOZLDJ march 1. Thanks", 
"@AmericanAir why is raleigh not on the updated southern states advisory???", 
"@united can you assign seats", "@USAirways paid to upgrade to first class, went up to Admirals club at PHX airport to be turned away because our flight is to CUN and not MC", 
"@USAirways we haven't departed yet so let's not get too high hopes.  But everything has been on schedule so far", 
"@united AN HOUR DELAY BECAUSE YOU CAN'T PRINT A PIECE OF PAPER!", 
"@AmericanAir Do you have any sort of live chat feature? We're in the UK right now and that call would cost us alot. :(", 
"@SouthwestAir Rapid Rewards program sold me short. #Lasttweetaboutthis but still #disappointed.", 
"@United give me a direct number I can call regarding my lost baggage immediately.", 
"@AmericanAir I haven't been rebooked. I called and left my number for a callback but haven't heard anything and my flight is tomorrow. :(", 
"@AmericanAir will not let me reuse my ticket.  Thus I have booked my vacation with Delta!  Never flying on American again......", 
"@JetBlue It's absolute madness in the west, but tell me who you like between @memgrizz @warriors @spurs and @okcthunder", 
"@united I know I can see that too but now estimated time of dep. is 10am. I don't understand why there wasn't a better estimate 3 hrs ago", 
"@AmericanAir And gold status too.", "@JetBlue haha. TY. Do you know what time that lane opens at Logan?", 
"@SouthwestAir sitting in Baltimore. Finish taxi and approved to takeoff. Oops, not enough fuel. #Fail #45minflight #been3hours", 
"@AmericanAir @united contact me, or do something to alleviate this terrible, terrible service. But no, your 22 year old social media guru", 
"@united 30 of us on flight 1750 trying to get to tel aviv that is trying to take off right now with out us so cruel. Next flight is 350pm", 
"@AmericanAir Yes. Your service in GUC sucks. Your gate agent pushed a passenger and has been rude to everyone since we got here.", 
"@SouthwestAir what is the status of the bag check area at FFL?", 
"@united it has now been 16 days since i applied for my compensation?\n\nY have i had no correspondence", 
"@AmericanAir 953 our  fligth Somthing to talk  about this?", 
"@united Why have you never held a plane for me? #HourDelay #MultipleDoorOpeningAndClosing #DangerOfGettingSnowedIn", 
"@United I'm pretty sure I've got shin splits from SPRINTING through IAH only to watch my plane pull away from the jet way...", 
"@united thanks again for your concern. I will contact customer care upon our return from Australia.", 
"@united Flight 6212...massive fail! They delaying to transport a crew member causing many to miss connections! Unreal!", 
"@AmericanAir But you called me - and hung up.", "@united When will you have special promotions for flights departing Newark, NJ to St. John's, Antigua?", 
"@JetBlue Submitted, hoping for quick decision, tied to another donation we just received:\nProposal- 27th Annual Gala\nOrg- Boundless Readers", 
"@united thanks ^mr i got rebooked already but I lost my first class seat. Such is life.", 
"@united no tag number. Luggage was taken off the weigh scale and appears to have been sent off on conveyor belt without any tag...", 
"@JetBlue you are missing the point. The flight left an hour Late Flight. Why are you allowed to be that Late Flight, and still charge me $50 and 10hrs?", 
"@USAirways Don't tell me that. Tell me what I can actually DO to reach someone. I don't mind being put on hold but it won't even do THAT.", 
"@united trying to reach him for the number. At last they have him on standbye and gave him 1 meal voucher for a potential 2 day standbye!", 
"@AmericanAir Flight 1679 (N76200) prepares for flight at @FlyTPA before departing for @fly2ohare http://t.co/XbKvcraOKn", 
"@USAirways @AmericanAir no one appreciates the sass of the gate agent at Gate C38 at LGA flight US626. Irritated customers", 
"@USAirways with this livery back in the day. http://t.co/EEqWVAMmiy", 
"@united @JedediahBila Why is United voted every year as one of the worst airlines? Do enjoy that title? You should give Jedediah free passes", 
"@united Not appropriate to ask in public (hence the dm). each united employee, each a new answer. your process was such a hassle i Cancelled Flighted.", 
"@SouthwestAir Buying Early Bird was pointless. You moved me to a diff flight b/c first one was delayed, so I lost my boarding position.", 
"@SouthwestAir great example of customer service this morning at MSY headed to ATL. Alison and Bobbi were fantastic! Gate B8. Thank you.", 
"@united Hopefully my baggage fees will be waived tomorrow when I actually get on a flight, as well as compensation for my hotel room", 
"@USAirways power trip. I felt completely threatened and unsafe and I am so angry. Derrick Bussey.  DCA. Would like to reiterate that I was", 
"@SouthwestAir We have been waiting for almost 3 hours trying to rebook flights. PLEASE help us get through to someone.", 
"@United Your customer service for Mileage Plus customers is a disgrace. I just spent 45 min on the phone to reset a pin number, with no luck", 
