received_data <-
structure(list(time = structure(c(1512938573.56182, 1512938574.07274, 
1512938574.57865, 1512938579.87668, 1512938579.88968, 1512938579.95368, 
1512938580.75113, 1512938581.08227, 1512938581.41852, 1512938584.28433, 
1512938586.26112, 1512938587.10704, 1512938587.15349, 1512938588.12278, 
1512938588.15359, 1512938588.26298, 1512938589.57976, 1512938591.47687, 
1512938591.55455, 1512938594.60881, 1512938594.79622, 1512938595.96086, 
1512938596.30351, 1512938597.58606, 1512938598.14885, 1512938598.87022, 
1512938601.52219, 1512938603.13609, 1512938603.93474, 1512938603.98162, 
1512938605.525, 1512938605.58706, 1512938605.85089, 1512938605.88529, 
1512938606.89609, 1512938606.93193, 1512938607.12409, 1512938607.13921, 
1512938607.38967, 1512938607.4049, 1512938608.95063, 1512938609.34719, 
1512938610.74233, 1512938611.0869, 1512938611.50849, 1512938612.53144, 
1512938613.01063, 1512938614.98585, 1512938615.43016, 1512938615.63364, 
1512938615.63364, 1512938616.37894, 1512938616.64415, 1512938617.14266, 
1512938617.15826, 1512938617.66192, 1512938617.70435, 1512938618.04768, 
1512938619.23718, 1512938620.44657, 1512938621.6712, 1512938623.56458, 
1512938624.14367, 1512938625.21217, 1512938626.29143, 1512938628.86275, 
1512938628.88335, 1512938629.91679, 1512938630.12855, 1512938632.32541, 
1512938633.65331, 1512938633.82636, 1512938634.03009, 1512938634.60895, 
1512938634.99449, 1512938635.98232, 1512938637.70483, 1512938638.66082, 
1512938639.21305, 1512938639.79124, 1512938640.29085, 1512938641.90406, 
1512938644.2967, 1512938645.77911, 1512938646.21687, 1512938646.98404, 
1512938647.45298, 1512938647.49964, 1512938647.79877, 1512938647.81399, 
1512938648.48496, 1512938649.21889, 1512938650.79745, 1512938654.07283, 
1512938656.04985, 1512938657.29028, 1512938658.12308, 1512938658.43788, 
1512938660.90854, 1512938660.91055), class = c("POSIXct", "POSIXt"
)), text = c("@americanair I finally got someone on the phone so no worries!", 
"@SouthwestAir Flying South by Southwest from SJC to SNA tiday http://t.co/KJKuVJ6CMo", 
"@united  of course this morning I see a non-stop from IAH to SFO but that was not available yesterday. #UnitedHatesUsAll", 
"@JetBlue For one way, not letting me select TO city....strange...and now some fairs look \"normal\" ????", 
"@united caught earlier flight to ORD. Gate checked bag, and you've lost it at O'Hare. original flight lands in 20minutes. #frustrating!", 
"@SouthwestAir really this is getting worse as the day goes on. Late Flight leaving then had to be diverted, and now sitting on the tarmac in VA.", 
"@united @perfectomobile I have to admit that not only the app is good but have lots of useful func (such the \"live\" seat map). Congrats", 
"@SouthwestAir might be the worst airline ever", "@AmericanAir can you please connect these two reservations together and also add a child in a lap. KEVOLT and SOZLDJ march 1. Thanks", 
"@AmericanAir why is raleigh not on the updated southern states advisory???", 
"@united can you assign seats", "@USAirways paid to upgrade to first class, went up to Admirals club at PHX airport to be turned away because our flight is to CUN and not MC", 
"@USAirways we haven't departed yet so let's not get too high hopes.  But everything has been on schedule so far", 
"@united AN HOUR DELAY BECAUSE YOU CAN'T PRINT A PIECE OF PAPER!", 
"@AmericanAir Do you have any sort of live chat feature? We're in the UK right now and that call would cost us alot. :(", 
"@SouthwestAir Rapid Rewards program sold me short. #Lasttweetaboutthis but still #disappointed.", 
"@United give me a direct number I can call regarding my lost baggage immediately.", 
"@AmericanAir I haven't been rebooked. I called and left my number for a callback but haven't heard anything and my flight is tomorrow. :(", 
"@AmericanAir will not let me reuse my ticket.  Thus I have booked my vacation with Delta!  Never flying on American again......", 
"@JetBlue It's absolute madness in the west, but tell me who you like between @memgrizz @warriors @spurs and @okcthunder", 
"@united I know I can see that too but now estimated time of dep. is 10am. I don't understand why there wasn't a better estimate 3 hrs ago", 
"@AmericanAir And gold status too.", "@JetBlue haha. TY. Do you know what time that lane opens at Logan?", 
"@SouthwestAir sitting in Baltimore. Finish taxi and approved to takeoff. Oops, not enough fuel. #Fail #45minflight #been3hours", 
"@AmericanAir @united contact me, or do something to alleviate this terrible, terrible service. But no, your 22 year old social media guru", 
"@united 30 of us on flight 1750 trying to get to tel aviv that is trying to take off right now with out us so cruel. Next flight is 350pm", 
"@AmericanAir Yes. Your service in GUC sucks. Your gate agent pushed a passenger and has been rude to everyone since we got here.", 
"@SouthwestAir what is the status of the bag check area at FFL?", 
"@united it has now been 16 days since i applied for my compensation?\n\nY have i had no correspondence", 
"@AmericanAir 953 our  fligth Somthing to talk  about this?", 
"@united Why have you never held a plane for me? #HourDelay #MultipleDoorOpeningAndClosing #DangerOfGettingSnowedIn", 
"@United I'm pretty sure I've got shin splits from SPRINTING through IAH only to watch my plane pull away from the jet way...", 
"@united thanks again for your concern. I will contact customer care upon our return from Australia.", 
"@united Flight 6212...massive fail! They delaying to transport a crew member causing many to miss connections! Unreal!", 
"@AmericanAir But you called me - and hung up.", "@united When will you have special promotions for flights departing Newark, NJ to St. John's, Antigua?", 
"@JetBlue Submitted, hoping for quick decision, tied to another donation we just received:\nProposal- 27th Annual Gala\nOrg- Boundless Readers", 
"@united thanks ^mr i got rebooked already but I lost my first class seat. Such is life.", 
"@united no tag number. Luggage was taken off the weigh scale and appears to have been sent off on conveyor belt without any tag...", 
"@JetBlue you are missing the point. The flight left an hour Late Flight. Why are you allowed to be that Late Flight, and still charge me $50 and 10hrs?", 
"@USAirways Don't tell me that. Tell me what I can actually DO to reach someone. I don't mind being put on hold but it won't even do THAT.", 
"@united trying to reach him for the number. At last they have him on standbye and gave him 1 meal voucher for a potential 2 day standbye!", 
"@AmericanAir Flight 1679 (N76200) prepares for flight at @FlyTPA before departing for @fly2ohare http://t.co/XbKvcraOKn", 
"@USAirways @AmericanAir no one appreciates the sass of the gate agent at Gate C38 at LGA flight US626. Irritated customers", 
"@USAirways with this livery back in the day. http://t.co/EEqWVAMmiy", 
"@united @JedediahBila Why is United voted every year as one of the worst airlines? Do enjoy that title? You should give Jedediah free passes", 
"@united Not appropriate to ask in public (hence the dm). each united employee, each a new answer. your process was such a hassle i Cancelled Flighted.", 
"@SouthwestAir Buying Early Bird was pointless. You moved me to a diff flight b/c first one was delayed, so I lost my boarding position.", 
"@SouthwestAir great example of customer service this morning at MSY headed to ATL. Alison and Bobbi were fantastic! Gate B8. Thank you.", 
"@united Hopefully my baggage fees will be waived tomorrow when I actually get on a flight, as well as compensation for my hotel room", 
"@USAirways power trip. I felt completely threatened and unsafe and I am so angry. Derrick Bussey.  DCA. Would like to reiterate that I was", 
"@SouthwestAir We have been waiting for almost 3 hours trying to rebook flights. PLEASE help us get through to someone.", 
"@United Your customer service for Mileage Plus customers is a disgrace. I just spent 45 min on the phone to reset a pin number, with no luck", 
